world -0.41486 0.71848 -0.3045 0.87445 0.22441 -0.56488 -0.37566 -0.44801 0.61347 -0.11359 0.74556 -0.10598 -1.1882 0.50974 1.3511 0.069851 0.73314 0.26773 -1.1787 -0.148 0.039853 0.033107 -0.27406 0.25125 0.41507 -1.6188 -0.81778 -0.73892 -0.28997 0.57277 3.4719 0.73817 -0.044495 -0.15119 -0.93503 -0.13152 -0.28562 0.76327 -0.83332 -0.6793 -0.39099 -0.64466 1.0044 -0.2051 0.46799 0.99314 -0.16221 -0.46022 -0.37639 -0.67542
open -0.062761 0.81904 -0.067769 1.0728 -0.48884 -0.53659 -0.39512 0.29684 -0.24994 -0.64616 -0.38994 -1.0181 -0.74659 0.5638 0.62756 0.84303 0.1374 -0.54534 -0.16795 -0.43048 0.18814 0.16537 -0.1674 0.59948 -0.16904 -1.1376 0.36256 0.19763 0.010075 -0.3838 3.5756 0.045535 -0.52057 0.32947 -0.36942 -0.37348 0.31756 0.81132 -0.044679 -0.79792 0.22949 -0.73993 0.90041 0.46883 0.4512 0.6644 0.24931 -0.88062 -0.042584 -0.21827
campaign 0.18605 -0.52757 0.1689 -0.20537 -0.69671 0.38071 -0.85097 -0.48986 0.20386 -0.49999 -1.6093 -0.78429 -0.61771 -0.52793 0.16998 -0.95378 0.047318 -0.21942 -0.090783 0.2105 0.20687 -0.26425 0.33384 -0.57424 -0.2762 -2.3502 -0.21173 -0.1509 0.15407 0.36454 2.6407 0.66609 -1.4985 -0.76757 -1.0709 0.049101 -0.76387 0.24441 -1.0476 -0.97318 -0.31209 0.20546 -1.0702 -0.43902 0.095622 -0.36801 -0.60426 0.079569 0.08343 0.46081
free -0.41183 0.4528 0.02825 -0.28702 0.037029 -0.22841 -1.0803 -0.46185 0.68202 0.95844 0.22325 0.15388 0.016271 0.33186 0.41374 -0.0098567 0.60909 -0.77774 0.069414 -0.0095931 0.11433 0.096629 -0.082344 0.53318 -0.35387 -1.4886 0.77553 -0.32434 0.71493 -0.54821 3.4471 0.53604 -1.2305 0.13366 -0.30577 -0.0080669 0.35145 0.22877 0.096214 0.15633 0.61515 0.17427 0.11386 0.49481 -0.16223 -0.036013 -0.11342 0.01074 -0.03284 -0.16825
building 0.96946 0.51658 0.40869 -0.44261 0.52557 -0.43554 -0.8864 -0.72144 -0.32513 -0.59368 -0.61602 -0.5777 -0.57443 0.05468 -0.5763 0.48652 0.10411 0.80692 0.071993 -0.25208 1.2826 0.16648 -1.6472 -0.73222 -0.40618 -1.0784 -0.054301 0.42463 0.29449 0.039102 3.3546 -0.95662 0.16766 -0.88352 -0.071421 0.64726 0.67146 0.43414 0.41453 0.43332 -0.38089 -1.0239 0.14656 0.047804 -0.078527 0.53889 -0.80031 -0.73521 -0.028602 -0.29638
defense -0.19556 -0.76193 0.15324 0.69566 0.74593 -0.3695 -0.094714 0.024439 -0.72206 -0.91569 -0.2707 0.19101 -0.70041 0.32531 -0.36935 -0.33111 0.22408 -0.34193 -0.29353 0.23791 -0.5413 0.26922 -0.37661 -1.601 -0.43304 -2.304 0.61779 -0.27389 -0.29025 -0.12482 2.8122 -0.21196 -0.54836 -0.69872 0.025805 0.82105 0.038331 0.65872 -0.19583 -0.038347 0.18242 0.65239 0.6486 -0.11301 0.31405 0.20432 -0.54168 1.7445 -0.32063 0.70769
level -0.385 1.0336 0.18552 -0.45638 0.28177 -0.81713 0.71709 -0.15206 0.11827 -0.095164 0.41868 -0.51292 -0.23463 -0.1674 0.064439 0.24206 0.29985 0.25919 -0.64696 -0.46723 0.071163 -0.19472 0.33513 -0.1589 -0.3721 -1.0626 0.4403 0.28488 -0.43204 0.86569 3.9309 0.58216 0.42233 -1.1462 0.53437 0.11361 0.13846 0.30984 0.10915 -0.60892 -0.47173 -0.56053 0.44492 0.35458 -0.40164 -0.35056 0.89285 0.66288 0.23385 -0.15513
story 0.48251 0.87746 -0.23455 0.0262 0.79691 0.43102 -0.60902 -0.60764 -0.42812 -0.012523 -1.2894 0.52656 -0.82763 0.30689 1.1972 -0.47674 -0.46885 -0.19524 -0.28403 0.35237 0.45536 0.76853 0.0062157 0.55421 1.0006 -1.3973 -1.6894 0.30003 0.60678 -0.46044 2.5961 -1.2178 0.28747 -0.46175 -0.25943 0.38209 -0.28312 -0.47642 -0.059444 -0.59202 0.25613 0.21306 -0.016129 -0.29873 -0.19468 0.53611 0.75459 -0.4112 0.23625 0.26451
car 0.47685 -0.084552 1.4641 0.047017 0.14686 0.5082 -1.2228 -0.22607 0.19306 -0.29756 0.20599 -0.71284 -1.6288 0.17096 0.74797 -0.061943 -0.65766 1.3786 -0.68043 -1.7551 0.58319 0.25157 -1.2114 0.81343 0.094825 -1.6819 -0.64498 0.6322 1.1211 0.16112 2.5379 0.24852 -0.26816 0.32818 1.2916 0.23548 0.61465 -0.1344 -0.13237 0.27398 -0.11821 0.1354 0.074306 -0.61951 0.45472 -0.30318 -0.21883 -0.56054 1.1177 -0.36595
hard -0.53079 -0.21965 0.53268 -0.23144 0.074339 -0.065505 -0.10421 0.30725 -0.49644 0.65372 -0.38484 -0.16258 -0.6452 0.36771 0.089541 0.33131 0.72552 -0.05129 0.36862 -0.89896 -0.53229 0.33536 0.19408 0.18393 0.5277 -1.8321 -0.53567 0.11963 0.87309 -0.40913 3.5748 0.168 -0.26982 0.1895 -0.15528 0.23055 -0.30747 0.44402 0.14332 -0.56575 -0.13017 0.2943 -0.052564 0.40329 0.45792 0.3516 -0.019691 -0.20061 -0.24725 -0.030552
action 0.24196 -0.74387 -0.51436 -0.089699 -0.26825 0.45664 0.72555 -0.21819 0.042826 0.18943 -0.32057 0.057118 -0.59674 0.22751 0.12945 -0.29623 0.6495 -0.22105 -0.57708 -0.45436 0.25636 0.099275 -0.1176 -0.16338 -0.23526 -1.8493 -0.10322 -0.35198 0.0024535 0.033223 3.3513 0.15836 -1.0583 -0.72565 -0.57345 -0.057453 0.47996 -0.99358 -0.80074 -0.62818 -0.22644 0.14946 -0.032743 -0.3374 0.20041 -0.0023766 0.012109 0.55461 0.15185 0.70218
fighting 0.65951 -1.0182 0.30227 -0.29145 -0.12109 -0.0027095 0.43368 0.29875 -0.023725 -0.65935 -0.27542 -1.0712 -1.1848 -0.77099 0.076184 -0.19794 0.39889 0.21147 -0.58409 0.4362 -0.90213 0.63662 0.62656 -0.092278 -0.44475 -1.5751 -0.079459 -0.50726 0.88098 0.70386 3.2172 0.48876 -0.96824 -0.058092 -0.48287 0.65347 -0.87451 -0.88172 -0.59077 0.022631 -0.58747 0.084746 -0.052803 -0.34747 0.70104 -0.18247 0.0040658 -0.10292 -1.0144 -0.56573
management 0.4901 -0.060918 -0.28137 0.49583 -0.31198 -0.51571 -0.62287 -0.78467 0.35817 -0.46386 0.34259 1.1025 -0.82424 -0.55687 -0.50727 0.41442 0.3048 0.88078 0.18115 -0.25984 0.74819 0.17328 -0.70056 -0.66902 -0.78037 -0.9669 0.069812 -0.42621 -0.69182 0.44468 3.515 0.086417 0.15984 -0.92266 -0.25674 0.093431 -0.43166 -0.10357 1.3371 -0.27792 -0.1171 -0.70383 -0.036001 0.81326 -0.34494 -0.38249 -0.080565 1.1267 0.28641 1.165
sports -1.1476 1.486 -0.53553 1.4884 -0.48945 -0.78874 -1.0603 -1.1097 -0.18863 -0.38284 0.19501 0.067649 -0.74472 0.24205 0.96511 -0.032038 -0.14121 1.7449 -0.73301 -0.58727 0.17896 0.57795 -0.21835 1.1371 -0.51163 -1.0939 -0.56724 0.0020169 -0.30077 0.18371 2.6094 1.0519 -0.008775 -0.72297 -0.52943 0.663 -0.024681 0.2147 -0.38752 0.099251 0.58373 0.10047 -0.17571 0.99239 0.050743 0.24906 -0.55173 0.55462 0.073031 0.46026
mission 1.9144 0.40923 -0.31422 -0.6443 0.55513 -0.81588 -0.766 0.18716 0.94453 -1.0715 0.52092 0.20347 -0.36264 0.5649 -0.30487 -0.13143 0.080574 0.16483 -0.25986 0.45458 -0.40467 0.7947 -0.66128 -0.49532 0.31973 -1.1424 0.097268 -0.48496 -0.17357 0.29176 2.7318 -0.073546 -1.7509 -0.86062 -0.0093403 0.021347 -0.006449 -0.18159 -0.27718 0.10547 -0.30741 -0.48023 0.40922 -1.2402 -0.476 0.30602 0.32634 0.62645 -0.91152 0.42901
paid 0.50181 0.4211 0.54312 -0.46872 0.5352 -0.067411 -1.0152 0.28715 -0.27412 0.16153 -0.11843 0.44675 0.43134 -0.907 1.3887 -0.35502 -0.17689 0.4755 -0.0057255 -0.51948 0.83202 0.070519 -0.095382 -0.42734 -0.65613 -1.4955 0.097987 -0.64397 -0.38634 -0.0047177 2.6261 0.75294 0.15197 0.5455 0.23282 -0.006586 -0.10704 0.24154 0.27376 -0.75496 0.34265 0.39454 0.21387 0.62574 -0.57015 -1.1777 -1.3275 0.67186 -0.38978 0.26573
plane 2.1142 -0.10664 0.9724 0.12151 0.57094 -0.1357 -0.67595 0.11692 0.47239 -1.101 0.81084 -0.090698 -0.46271 1.3341 0.0239 -0.1267 -1.2707 0.56832 -1.6673 -0.95373 -0.33804 0.93578 -0.46047 -0.1079 0.74533 -1.9891 -0.10004 1.0233 0.85239 0.16472 2.0548 0.0040526 -0.84094 0.20915 0.64106 -0.39855 0.37578 -0.38962 -0.26623 1.0977 0.092818 0.63682 1.2017 -0.29674 -0.77097 0.092794 0.19358 0.063586 0.15693 -0.48504
ship 1.5213 0.10522 0.38162 -0.50801 0.032423 -0.13484 -1.2474 0.79813 0.84691 -1.101 0.88743 1.3749 0.42928 0.65717 -0.2636 -0.41759 -0.48846 0.91061 -1.7158 -0.438 0.78395 0.19636 -0.40657 -0.53971 0.82442 -1.7434 0.14285 0.28037 1.1688 0.16897 2.2271 -0.58273 -0.45723 0.62814 0.54441 0.28462 0.44485 -0.55343 -0.36493 -0.016425 0.40876 -0.87148 1.5513 -0.80704 -0.10036 -0.28461 -0.33216 -0.50609 0.48272 -0.66198
fast -0.20784 -0.80485 0.10014 -0.28913 -0.02678 -0.27864 -0.7156 -0.19953 0.88322 0.47223 -0.027356 0.17704 -0.62175 0.41581 -0.12808 0.41097 0.40763 -0.043396 -0.58299 -0.90552 0.087957 0.12834 -0.12993 0.59827 1.0866 -1.0565 0.4097 -0.12531 1.1902 0.56308 3.2721 0.38928 0.31798 0.59272 0.39924 -0.17766 -0.034477 0.71217 -0.62543 0.11305 -0.36788 0.36579 -0.23087 0.35788 0.60797 0.34241 0.4804 -0.57778 0.17871 0.59466
easy -0.023259 -0.10774 0.19567 0.033223 0.074798 -0.2464 -0.37363 0.23737 -0.04382 0.75206 -0.68002 0.14228 -0.051052 0.12944 0.061359 0.1398 0.67984 -0.58867 0.11884 -1.012 -0.42694 0.1589 -0.074903 0.53789 1.0589 -1.3319 -0.38969 0.083434 1.2894 -0.79956 3.0825 0.37201 -0.49131 0.15977 0.43779 0.12637 0.11982 0.99909 -0.24347 -0.77499 0.47008 0.17949 0.26817 0.66041 0.20982 0.32454 0.66948 -0.0029127 0.63353 0.52693
shooting -0.50801 -0.052139 0.11368 0.20915 0.56671 0.51123 -0.3899 0.28963 -0.28096 0.007668 -0.35306 -1.681 -1.2252 0.08204 0.72399 -0.44663 0.096523 -0.069292 -1.9244 -0.062439 0.12709 1.4893 0.1027 -0.11322 0.090886 -1.4887 0.025746 0.22189 0.84278 -0.7757 1.9182 0.22558 -0.25875 -0.98218 0.79051 0.47937 0.64288 -0.24524 -0.063316 0.63826 -0.79791 0.23362 0.24984 -0.024706 0.84397 -1.0141 0.40956 0.06195 0.52096 -0.11325
strategy 0.78402 -0.72296 0.13199 0.032622 0.11992 -0.12251 -0.14058 -1.0111 0.18962 -0.11169 -0.54382 0.22104 -1.2774 0.14219 -0.68262 0.037919 0.64873 -0.02285 0.32728 -0.22834 0.34345 -0.40331 -0.34567 -0.47313 -0.010019 -1.4836 -0.25393 -0.31953 0.32686 0.36453 2.9506 0.08891 -0.9201 -0.75172 -0.38682 -0.40233 -0.96696 0.52323 -0.87562 -0.66198 -0.23585 -0.51975 -0.28074 -0.097336 0.28341 -0.018288 0.64778 1.2168 0.20263 1.2254
gun -0.89615 -0.51939 1.3652 -0.81922 -0.11449 1.0152 0.14267 -0.45909 0.17043 -0.37755 -0.62394 -0.66145 -0.39037 0.22093 -0.70323 -0.09053 -0.15746 0.41559 -0.8726 -0.89856 0.44344 0.14407 -0.17641 -0.12753 -0.73401 -2.4609 -0.22647 0.023683 1.231 -0.59148 1.9912 -0.61175 -0.652 -0.062238 0.7433 0.52414 0.68647 -0.74427 -0.46044 0.039583 0.42954 0.42731 0.42325 0.43662 1.0637 -0.87493 0.074471 -0.32466 0.15306 0.15352
driving -0.5523 -0.13201 0.53448 -0.31631 -0.29609 0.40009 -0.65172 -0.016933 0.20799 0.20791 0.07504 -0.4547 -1.1412 -0.41902 0.28588 -0.32957 -0.17813 0.60509 -0.59558 -1.586 0.10837 0.41122 -0.56955 0.46363 0.53203 -1.5092 0.15967 0.07127 1.4724 0.35896 2.4834 0.47011 -0.24038 -0.08121 1.1006 -0.21635 -0.054761 0.019718 -0.27677 0.55572 -0.58981 0.093364 0.39642 0.10619 0.26752 -0.94712 0.41152 -0.52815 0.90774 -0.0017608
combat 0.69039 -0.72469 0.14741 -0.78974 -0.10007 -0.10567 0.77644 -0.75368 1.1829 -1.0737 0.28098 -0.10355 -0.47796 -0.099979 -0.36392 -1.0671 -0.45591 0.56618 -1.1231 -0.11033 -0.70233 -0.10111 0.031711 -0.79708 -0.57258 -1.4865 -0.26542 -0.84661 0.83536 0.9088 2.815 0.84688 -0.84927 -0.73213 -0.0035733 1.0154 -0.10884 -0.37715 -1.3911 -0.24392 -0.23955 -0.26444 0.99757 -0.53331 0.97647 -0.35753 0.55815 0.20946 -0.65498 0.61522
dark 0.33243 0.94777 -0.799 -0.46123 1.0269 0.35119 -0.068218 -0.6871 -0.51316 -0.087043 -0.16264 0.29358 -0.08334 0.93804 0.12991 0.26202 -0.17056 -0.14422 -0.9291 -1.1021 -0.46072 0.62572 0.97887 0.046652 -0.531 -0.64159 -1.1257 1.8136 1.158 0.025825 2.3386 -0.33209 0.052015 -0.75279 -0.064086 0.43551 -0.69092 -0.65299 -0.28649 -1.0799 -0.019354 0.21862 -0.0052941 -0.10232 0.21368 0.093932 0.66609 -1.5721 -0.21456 -0.52357
racing -0.1976 0.47952 -0.061333 1.13 -1.0781 -0.016465 -1.5107 0.025042 0.010109 -0.35605 0.55575 0.38494 -1.6356 -0.31965 0.4694 -0.81445 0.28273 1.4359 -1.5791 -1.6074 -0.49124 -0.30851 -0.48792 1.0501 0.16779 -0.70227 -0.14165 -0.27467 0.40245 0.48239 1.837 0.82912 -0.69325 0.17429 0.36165 -0.081363 -0.16986 0.65794 -0.51237 -0.53573 0.51296 -0.74631 -0.49253 0.34149 0.20064 -0.14836 0.026493 -0.70602 0.89482 -0.1818
flying 0.88765 -0.20669 -0.19995 -0.54971 0.10254 -0.41088 -0.93847 -0.20044 0.2781 -0.85379 0.67752 0.33449 -0.17127 0.73802 -0.34885 -0.31238 -0.40011 0.8127 -2.3499 -0.65873 -0.29497 0.46703 -0.072606 -0.38372 0.1634 -1.3958 -0.29359 0.40506 0.59266 -0.28011 2.0614 0.6265 -0.1971 0.25252 0.25607 0.10452 0.27703 -0.14881 -0.898 0.49178 0.049551 -0.014801 0.84928 0.018103 0.27996 -0.034254 0.083208 -0.38062 -0.67095 -0.13043
soldier -0.05888 -0.11433 0.09146 -0.77894 1.9506 0.21856 -0.1399 1.0741 0.033428 -1.5337 0.28216 -0.76785 -0.13984 0.1924 0.19225 -1.0372 -0.48361 0.5671 -0.87931 0.59897 -0.66722 1.2274 -0.19013 0.00091553 0.047809 -1.9535 -0.58352 -0.34564 0.61133 0.53076 1.8786 -0.88464 -0.79512 0.26986 0.45681 1.1192 0.21999 -0.96335 -0.19483 -0.22456 0.38594 0.099907 0.30191 -0.84675 1.0729 -0.90199 -0.18362 -0.19243 -0.044231 -0.12519
fun -0.23764 0.43119 -0.72154 -0.15513 0.26631 -0.4445 -0.4452 -0.66205 -0.35055 1.0197 -0.91729 0.20477 -0.44747 0.071965 0.82335 -0.023837 0.76155 0.9766 -0.44837 -0.7963 0.027471 1.0583 0.41688 0.73721 1.1753 -0.84602 -1.1009 0.68862 1.2378 -0.98452 2.3631 1.0793 -0.15267 0.13733 -0.28105 0.37881 -0.15635 0.47079 -0.47013 -0.53729 0.20005 0.16393 -0.53282 0.63922 0.44527 -0.10678 0.44169 -0.47774 0.37379 1.0782
enemy 0.70153 -0.43853 1.0509 -0.33431 0.67151 -0.17677 0.80079 0.90158 -0.29513 -0.65586 -0.083404 0.35146 -0.41071 0.29446 -1.1955 -0.45611 0.56877 0.073522 -1.2616 0.22276 -0.57735 0.12075 0.54712 -0.34094 0.2164 -1.804 -0.70362 -0.56337 1.8773 0.1301 2.271 -0.25882 -0.46309 -0.7759 -0.22926 0.62156 -0.043353 -0.60943 -1.6791 -0.018271 0.53893 -0.50689 0.88454 -0.11158 0.57013 -0.69098 -0.43072 -0.45332 -0.27984 -0.056133
tower 1.1474 1.1811 0.74556 -0.059101 0.50499 -0.70449 -0.32136 -0.4539 -0.45763 -0.75341 -0.33511 -0.024975 -0.50192 0.63773 -0.83059 0.83565 -0.24701 0.32421 -1.1103 -0.021335 0.68717 -0.3934 -1.639 -0.50493 -0.16684 -0.67649 -0.31798 0.88503 -0.031552 -0.15608 1.9805 -1.187 0.83342 -0.18369 -0.26691 0.11619 1.1023 -0.35937 0.025015 -0.040615 0.30681 -0.41076 0.084586 0.22475 -0.50955 0.65819 -0.12432 -1.4039 0.00016178 -0.52529
tank 0.13626 -0.20368 1.1783 -1.0363 -0.10807 0.054619 -0.16613 -0.39131 0.29403 -1.2731 0.16228 -0.68057 -0.37228 1.0188 -1.459 -0.018011 0.61527 1.2517 -1.3608 -0.58858 0.47997 -0.050947 0.06678 -0.78246 -0.28687 -1.3471 -0.65299 0.87164 0.49721 0.67426 2.0303 -0.68193 -0.34647 0.1881 -0.1362 0.87152 0.44572 0.14642 0.61198 0.36541 0.74428 -0.55035 0.19125 -0.57986 1.0694 0.086676 -0.023788 0.31006 0.086651 0.044656
intense 0.62773 0.17152 -0.67473 0.021325 -0.40965 0.2255 0.49485 0.78396 -0.1902 0.60303 -0.57452 -0.76287 -0.23426 0.23156 -0.038305 -0.31404 -0.26337 0.069274 -0.73943 -0.73172 0.091216 0.97953 0.30559 -0.49594 0.063714 -0.93898 0.10758 0.49473 0.86338 1.3898 2.7525 0.26698 0.046504 -1.1582 -0.30437 0.27195 -0.91606 -0.27146 -0.55284 -0.39441 -0.28465 0.39341 -0.54393 0.19031 0.77791 -0.080818 0.44323 0.33223 -0.94232 0.10859
hero -0.26141 0.58084 0.082065 -0.019771 1.0041 -0.10656 -0.25769 0.14856 -0.43527 0.64972 0.014508 0.63765 -0.62944 0.38705 0.61637 -0.79619 0.41231 0.63455 -0.93001 0.47994 -1.2519 0.45499 -0.78659 -0.04093 0.70027 -1.7713 -1.0695 -0.67043 0.14878 0.21102 1.422 -0.086565 -0.47039 -0.034748 -0.1786 0.70021 -0.084792 -0.27317 -0.9316 -0.9261 0.16159 0.62584 -0.61484 -0.58984 0.1871 0.47937 -0.3746 -0.82852 0.042699 -0.4916
weapon -0.15805 -0.49053 0.93647 -0.029055 0.79383 0.70372 0.85012 -0.17477 0.5741 0.39864 0.23496 -0.11525 -0.53974 0.10574 -0.37313 0.032888 0.21282 0.86376 -1.0086 -0.2777 0.20335 -0.40848 -0.27663 -0.56619 -0.25947 -2.2846 -0.10834 -0.06185 1.6728 -0.12504 1.8042 -0.82794 -0.80836 -0.94122 0.78176 1.1124 0.53554 0.22526 -1.1725 -0.056509 0.58136 -0.14255 0.291 0.10305 1.1001 -0.2343 0.30612 0.60473 -0.23921 -0.096388
knight -0.51996 0.96116 -0.2284 -0.0072526 0.88679 0.15419 -0.46692 0.071492 -0.29475 -0.69934 0.008942 1.6555 -0.80055 -0.34492 -0.020036 -0.31985 -0.2619 0.056836 -1.3776 -0.27744 -0.029237 0.26696 0.16768 -0.47687 -0.61975 -1.1727 -0.64023 -0.4051 0.050739 -0.20303 0.87519 -0.08562 0.13028 0.081327 0.45847 0.073057 -0.05216 -0.73088 -0.00040633 -0.64049 0.61541 0.16865 -0.36832 -0.04244 -0.38088 -0.063709 -0.16528 -0.74796 -0.10553 0.15323
challenging -0.026016 -0.49903 -0.26686 0.33938 -0.31517 0.11528 0.072462 0.14106 -0.07467 0.45027 -0.79453 -0.36299 -0.53377 0.063095 -0.046635 -0.098144 0.44001 -0.020978 0.4838 -0.66684 -0.33618 0.40983 -0.47011 0.012227 0.52289 -1.3422 -0.10065 -0.21139 -0.083383 0.43633 2.0201 -0.32023 -0.22421 -0.98466 0.24022 -0.43471 -0.17125 0.77043 -1.2191 -0.78533 -0.74211 -0.063039 0.21001 0.9963 -0.3471 0.023109 -0.13091 0.24617 0.11662 0.75825
survival 0.70676 0.18145 -0.079229 -0.37908 0.37204 0.6119 -0.091644 -0.198 1.1272 0.15287 0.43036 -0.0033928 0.12245 0.14358 0.012609 0.12362 0.36851 -0.26708 -0.12997 0.46115 -0.8999 0.18678 -0.22309 -0.42665 0.28983 -0.56545 -0.99963 -0.67323 0.89649 0.99209 2.3482 0.64468 -0.57438 -0.19792 0.017625 0.49487 -0.32919 0.064367 0.04334 -1.1636 -0.38033 -0.8124 -0.12384 0.56926 0.43617 -0.063706 0.44703 0.39895 0.38831 0.26678
funny -0.014547 -0.20208 -0.75278 -0.20272 0.70163 0.66535 0.174 -0.31159 -0.62876 0.87012 -1.2339 -0.013177 -0.37778 0.25179 1.1333 -0.42149 0.44976 0.95806 -0.4461 -0.68368 -0.46681 1.2465 0.8332 0.9508 1.5905 -1.0315 -1.2461 1.2753 1.2921 -0.59416 1.5528 -0.19071 0.8138 0.22623 -0.060171 0.17945 0.046945 0.67126 -1.1241 -0.86993 0.35422 0.60974 -0.40054 0.15417 0.53029 -0.13671 0.29675 -0.13429 0.21133 1.5368
exploration 0.91254 0.57636 -0.2302 1.2797 -0.16389 -0.088667 -0.93014 -0.29745 0.96269 0.59283 0.65322 0.67311 0.28602 0.51705 -0.50721 0.22113 1.1382 0.4746 -0.86396 0.013319 1.4261 0.73096 -0.21856 -1.3922 0.47472 -0.027651 -0.19581 -0.42005 0.66117 0.82154 2.2719 -0.84917 -0.63387 -0.17919 -0.074319 -0.36516 -1.4051 0.11557 0.087768 0.039 -0.28614 -0.88915 0.78143 -0.21221 -0.89131 -0.6369 0.091526 0.99958 -0.49998 -0.25722
farming 0.082997 -0.92322 -1.1283 -0.26486 -0.21706 0.42308 -1.1879 -0.69909 0.60712 -0.44081 0.088471 -0.69559 1.4716 -1.1499 -0.48654 0.28064 1.3978 0.92478 0.58051 0.20048 0.4734 -0.64259 -0.32616 0.0762 0.42084 -0.073814 -0.18889 -0.42843 1.3046 0.73885 2.9904 -0.62595 -0.048055 0.50191 0.035501 0.62788 -1.2889 1.0516 0.50339 0.86962 -1.1783 -0.51286 0.29585 0.15086 0.81525 -0.21557 -0.39302 -0.12085 0.33533 0.18694
fantasy 0.16423 0.73167 -1.1886 0.1487 0.27912 0.18481 0.05357 -1.2589 -0.47892 0.75493 -0.58623 1.1562 -0.66556 0.34165 1.2761 -0.73753 0.28789 0.71577 -1.2554 0.11493 0.27841 0.24792 -0.10852 0.69781 0.38317 -0.37264 -1.7056 -0.57822 0.65686 0.03191 1.64 -0.26955 -0.14535 -0.49249 -0.50157 0.77177 -0.45998 -0.56519 -1.1791 -0.89068 0.50642 -0.36848 -0.052354 0.40174 -0.32596 0.7211 0.96321 -0.55642 -0.38163 0.28232
horror 0.1382 0.19109 -0.56018 -0.70312 -0.025398 0.21886 0.51414 -0.56671 -0.056421 0.92243 -0.50872 0.26334 -0.60989 0.71199 1.4551 -0.58306 0.177 0.46076 -1.2552 0.2478 0.48161 0.7973 0.25119 0.59697 0.53991 -0.9462 -2.2289 -0.01631 0.38546 0.14736 1.3116 0.012734 0.57156 -1.0167 -0.83015 0.73328 0.086991 -1.3654 -0.32238 -0.92908 -0.075808 0.70197 0.046301 -0.5593 0.049758 0.97589 0.53672 -0.48601 -0.29581 0.067912
cycling -0.38933 0.89354 -1.0592 1.1754 -1.342 0.031441 -0.4248 -0.068872 1.1647 -0.35266 1.2143 -0.98188 -1.4662 -0.13036 0.941 -0.35223 0.36994 0.56289 -0.81493 -1.2587 -0.81847 0.32401 -0.35147 1.3662 -0.040862 -0.78419 -0.48172 -0.14723 -0.89947 0.75675 1.1664 1.0323 -1.0948 0.057268 -0.19503 -0.58765 -0.011273 0.97912 -0.43633 0.03953 0.25188 -0.57764 0.31623 0.48934 0.56387 -0.57728 0.4115 -0.30142 0.63086 -0.6667
adventure 0.53189 0.87385 -0.83386 0.54714 -0.41173 -0.26579 -1.0288 -1.048 0.52733 0.4121 -0.76681 0.85665 -0.2186 0.46689 0.79425 -0.59753 0.59783 0.98925 -1.5263 0.18716 0.22572 0.8358 -0.38402 0.75372 0.97983 -0.35188 -1.0748 -0.34625 0.90898 0.098688 1.7578 0.010471 -0.51818 -0.099271 0.11391 0.73878 -0.86672 -0.65795 -0.97727 -0.83513 0.088996 -0.049352 0.10199 0.18811 -0.23927 0.14832 1.1548 -0.63109 0.10414 0.29862
quest 0.55467 0.83113 0.112 0.35776 0.29627 0.30946 -0.36145 0.13907 1.0568 0.71202 -0.19982 0.36017 -0.85885 0.098003 0.078284 -0.10565 0.60132 0.099334 -0.333 0.11522 -0.15623 0.41754 -0.62337 -0.34502 0.48886 -1.1457 -0.9842 -0.87282 0.71907 0.29069 1.4377 0.34751 -1.5563 0.036837 0.11495 0.038904 -0.89437 -0.10513 -0.54432 -1.2597 -0.0038927 -0.83726 -0.57988 -0.19344 -0.15708 0.17108 0.74293 -0.30522 -0.36435 -0.47929
realistic 0.53376 -0.1274 -0.094007 -0.5633 0.81277 -0.17376 0.35404 -1.0567 -0.78341 0.87116 -0.38121 -0.23717 -0.066598 0.4617 0.53489 0.24572 1.0625 0.054434 -0.070417 -0.83316 -0.29471 0.51322 -0.45387 -0.36898 0.8644 -0.15042 -0.88889 0.30616 0.60039 0.22552 1.9222 -0.091515 -0.59198 -1.1434 0.38401 0.14533 0.17448 0.86833 -1.4553 -1.2927 -0.073541 -0.29896 0.62141 -0.15761 -0.1507 -0.10643 0.75319 1.0122 0.53414 0.89152
dragon 0.35483 0.6063 -0.36617 0.44974 0.66047 -0.082135 0.2726 -0.60226 0.25662 -0.12799 0.4545 1.4344 0.0038279 0.58529 -0.19822 -0.069553 -0.078652 0.78988 -1.7371 -0.00080485 -0.13005 -0.31963 0.17634 -0.34752 0.37029 -0.69512 -1.0936 -0.1181 -0.21277 -0.79017 1.3808 0.16591 -0.19988 0.60263 -0.26888 0.57489 0.13246 -1.241 -0.41821 -0.68898 -0.094011 -0.3864 -0.48249 -0.24592 0.66334 -0.23665 0.38818 -1.6535 0.40656 -0.85161
monster 0.36855 -0.56229 0.1754 0.25499 0.22385 0.56025 -0.049689 -0.64561 0.26744 0.24873 -0.51566 0.38522 -0.17406 0.76487 0.76449 -0.48305 0.50935 1.089 -1.3183 -0.25693 -0.4785 -0.34378 -0.031794 0.44797 0.57611 -0.99038 -1.4925 0.36162 0.60677 -0.63612 1.146 -0.26658 -0.2881 0.23408 -0.34165 0.77376 -0.17556 -0.87725 0.077699 -1.0549 -0.31896 0.35151 -0.70919 -0.17105 0.077491 0.30122 0.58553 -1.1194 0.47915 -0.046214
bike -0.066264 0.63021 0.29176 0.09395 -0.86961 0.21042 -0.9703 -0.58522 1.2183 -0.47133 0.091659 -0.67721 -1.0019 -0.049824 0.32277 -0.25881 0.07404 1.366 -0.4845 -1.7933 0.0080712 0.11598 -1.1639 1.147 0.71514 -0.63385 -0.21022 0.41422 0.80306 -0.43057 1.5576 0.77082 -0.61563 0.85375 0.25721 -0.11993 0.45094 0.46682 -0.25706 0.29834 -0.021799 -0.50433 0.02875 0.62155 0.23333 -1.1492 0.78511 -1.4157 0.71565 -0.087735
alien 0.88306 -0.37793 -0.2523 0.63375 0.94037 0.75143 0.056108 -0.53956 0.16822 0.040626 0.44616 0.82773 0.90553 1.1314 0.65302 -0.22955 0.29379 0.23986 -0.98981 0.43642 -0.70304 0.0041458 -0.21365 0.24763 0.66449 -1.0767 -0.36827 -0.6991 1.3174 -0.18668 0.9999 -0.97185 -0.82503 -0.9783 -0.52506 0.69496 -0.46382 -1.0394 -0.96902 -0.77248 -0.22999 -0.34923 1.0315 0.83874 0.24809 -0.30068 0.42934 -0.95558 0.1884 -0.24388
bicycle -0.41716 0.16271 0.18208 0.040874 -0.76743 0.47832 -0.95683 -0.69713 1.3446 -0.59146 0.49005 -0.59504 -0.96514 0.41526 -0.053253 -0.65851 -0.33963 1.4676 -0.51452 -1.5919 0.44235 -0.10577 -1.4277 1.1811 0.2842 -0.92328 -0.2138 0.10129 0.61985 -0.21404 1.3418 0.53977 -0.65476 0.55278 0.38827 0.34769 0.37724 0.45527 -0.30526 0.97048 -0.016631 -0.36535 0.060563 0.33608 0.098575 -0.96056 0.31872 -1.1316 0.91703 -0.65762
sword -0.27749 0.16458 -0.59039 -0.21153 1.2918 0.71714 1.4475 0.046474 0.08288 0.20684 0.012788 1.0847 -0.44464 -0.004326 -0.56169 -0.43552 0.35991 0.57799 -1.5555 -0.30467 0.32346 -0.1617 -0.17271 -0.96668 0.28796 -1.6996 -0.7208 -0.3002 0.38742 -0.84427 1.0902 -0.37071 -0.365 0.852 -0.19557 1.0083 -0.17677 -0.75021 -0.80681 -0.26563 0.62411 0.058115 -0.41231 0.12122 0.71635 -0.47108 0.7484 -1.2716 -0.5937 -1.3352
colorful -0.15398 0.55778 -1.298 0.34389 0.75443 -0.14227 -0.61166 -1.4655 -0.56098 0.1638 -0.82938 -0.2785 1.142 0.72005 0.077565 -0.69705 -0.30529 0.1219 -0.11513 -1.522 -0.11726 0.20461 -0.16866 -0.43567 0.15284 -0.056001 -1.1296 1.0094 0.42313 -0.76834 1.6698 0.20391 0.17703 -0.30281 -0.21866 1.0975 -0.64907 0.29968 -1.5213 0.010102 0.073135 0.83757 -0.12838 0.27732 0.7784 -0.10109 -0.027941 -0.63748 -0.098434 -0.59917
thriller -0.16786 0.095769 -0.71428 0.14148 -0.18265 0.57371 0.71645 -0.86785 -0.12769 1.3457 -1.0862 0.24463 -1.1091 1.3386 0.79717 -0.94147 0.66542 0.080303 -1.77 0.94227 0.4705 0.69701 -0.097328 0.44801 0.00093936 -0.99063 -0.92258 -0.10996 0.28928 -0.048484 1.2111 -0.68825 0.25113 -0.35947 -0.20711 0.46274 -0.14464 -0.68425 -0.40236 -1.4255 0.2273 0.62689 0.42044 -0.57672 -0.3318 0.76417 1.3268 -0.38532 0.1379 0.59848
robot 1.0585 -0.79141 0.5161 0.39199 0.43303 0.21627 0.093674 -0.88122 0.33516 -0.35402 0.712 0.8298 -0.19004 1.7363 -0.11362 -0.1299 -0.18643 1.7836 -0.86855 -0.35091 -0.070194 0.15271 -0.62701 -0.0088637 0.87705 -0.72857 -0.68597 -0.55792 0.085408 -0.48698 1.3455 -0.26071 -0.77097 0.15249 -0.26388 1.1457 0.073829 -0.01377 -0.29058 -0.83922 0.045176 -0.40114 -0.099806 0.074442 0.72215 -0.14089 1.0944 -0.85891 -0.11517 0.17584
casual -0.34321 0.020209 -1.3687 -0.045344 0.72546 -0.49783 -0.63002 -0.61784 -0.38518 0.061661 -0.13163 -0.61772 0.54237 0.039344 0.57997 0.034875 -0.90951 0.038014 0.23073 -1.5221 0.099077 1.0236 -0.76624 1.2679 -0.12267 -0.26056 -0.32683 0.60312 1.2038 0.32492 1.6251 0.6434 -0.0024901 -0.15073 -0.089695 -0.00087919 -0.58627 0.22498 -1.1024 -0.47285 0.88946 0.1777 0.042683 1.4861 0.72751 -0.76382 0.42154 -0.045348 0.2748 0.86079
pistol -1.6413 -0.21311 0.95272 0.10746 0.1748 1.0556 0.53441 -0.27623 0.17379 -0.61076 0.45449 -1.1557 -0.70256 -0.011737 0.17882 -0.16038 -0.63225 1.3388 -1.409 -0.6413 -0.049561 0.22933 -0.23027 -0.049268 -0.13627 -1.736 0.25479 0.4202 0.86685 -0.93571 0.60174 -0.60489 -0.6051 0.84785 0.25314 0.90024 1.0512 0.63809 -0.43704 0.21118 1.5646 -0.082695 0.186 0.54876 1.1396 -1.4398 0.6293 -0.1347 -0.017977 -0.47635
scary 0.58908 -0.48306 -0.38301 0.069378 0.53773 0.044143 0.35515 -0.49184 -0.56875 0.65428 -1.1612 0.061524 -0.22091 0.31576 1.1046 0.072573 0.17625 0.56301 -0.73531 -0.42491 -0.718 0.8317 0.44378 0.76019 1.0082 -0.47694 -1.343 0.9511 1.5695 -0.5775 1.1338 0.22309 0.5198 -0.40442 0.17317 0.31045 -0.15316 -0.6801 -0.18704 -1.0127 -0.67441 0.45563 0.30097 0.21896 0.31243 0.86522 0.76009 -0.16548 0.64662 1.2303
pirate 0.58475 -0.70461 0.051154 0.38295 -0.10246 -0.63665 -0.98109 -0.030835 0.72658 0.21569 0.26553 0.97562 0.15017 0.99105 -0.035883 -0.44305 0.221 0.087707 -1.2121 0.38084 0.13216 0.31611 0.21939 0.7715 -0.28084 -0.7925 -0.5 -0.26227 0.89166 0.094199 1.0351 -0.71838 0.073257 0.73079 0.14924 0.58272 -0.26117 -1.6135 -1.3363 0.025033 0.67944 0.46301 0.40106 0.018973 0.15537 -0.46253 -0.58411 -0.82062 0.14944 -0.53702
shooter -1.0934 -0.14947 0.85023 0.85369 0.75612 0.17542 0.042725 -0.16117 -0.302 0.15139 0.41938 -0.45321 -0.97252 0.63877 0.17726 -0.57169 0.49546 0.88035 -1.4113 0.3462 -0.71574 0.21962 -0.15623 0.5871 0.93679 -1.1544 -0.29679 -0.28953 0.47061 -0.77354 0.91986 -0.76763 0.14584 -0.51975 0.55852 0.70743 0.41415 0.21791 -0.82038 -0.053171 0.40514 -0.029687 -0.066115 0.229 0.75146 -1.4013 1.1129 0.062788 0.92887 0.1889
indie -1.0873 0.052898 -0.30517 -0.54349 -0.63128 0.40853 -1.5425 -0.26932 -0.078322 1.8349 0.59936 -0.20568 0.10298 1.7346 -0.20307 -0.48354 0.89944 0.086415 -0.53502 0.16961 0.48049 0.46533 -0.22506 1.3293 -0.4696 0.32862 -1.8159 -0.13616 -0.13952 -0.27907 1.6063 -0.58872 0.84906 -0.17601 -0.19287 0.085156 0.16198 -1.1607 -0.13601 -1.3187 0.17333 -0.47579 -0.56574 -0.67057 -0.13556 0.098896 -0.19802 -0.48558 -0.11677 0.19877
puzzle 0.81028 -0.26542 0.062572 0.7749 0.79055 0.288 -0.053101 -0.77089 -0.34381 0.045317 -0.55117 0.34742 -1.0455 1.1686 1.2408 -0.37756 0.26588 1.003 -0.056817 -0.35743 -0.079993 -0.39814 -0.27028 0.93834 1.0537 -0.24283 -1.2812 0.12712 -0.0090603 -0.70538 1.3324 -0.65387 -0.19293 -0.13432 -0.25503 0.97037 -0.35335 0.46688 0.165 -0.79763 0.32331 -0.69939 -0.40597 0.85038 0.18792 1.0037 1.5696 0.99876 0.17632 -0.59068
wizard -0.20124 0.078135 -0.34608 0.19151 0.38988 -0.33866 0.45508 -0.65485 -0.037555 0.50031 -0.22896 1.715 -0.42624 0.26738 0.39584 0.084727 -0.062027 1.1636 -0.89767 0.10491 0.2512 0.36936 -0.32861 0.0805 0.30914 -0.77504 -0.82317 -0.71365 -0.12651 -0.25998 0.76117 -0.55443 -0.16074 0.15432 0.51683 1.1748 -0.041401 -0.99408 -0.23533 -1.2823 0.13803 0.19693 -0.81144 0.65853 0.57837 0.22928 1.1751 -1.0076 0.15202 -0.097655
arcade 0.058391 -0.49362 -0.17293 0.97638 -0.20103 -0.50962 -0.61583 -1.5044 -0.33248 0.44388 -0.28612 0.36642 -0.5608 0.41054 0.065314 0.12326 -0.32479 1.0197 -0.98847 0.18217 0.40001 -0.24168 -1.376 0.80256 0.080673 0.48773 -0.43569 -0.1428 0.22364 -0.72844 1.5943 -0.75428 0.50005 0.36953 0.054045 1.0601 1.2591 -0.79255 -1.2923 -0.4665 0.38196 -0.95011 -0.88179 0.85863 -0.095733 0.98873 0.31121 -0.82301 0.16436 -0.40441
cute 0.22124 -0.16284 -0.54812 -0.51471 0.95538 0.62763 -0.55487 -1.2714 -0.72594 0.57472 -0.33579 0.41765 0.55111 0.63939 0.6715 0.49242 0.068637 0.84094 0.084915 -0.32837 -0.97648 0.8662 0.25332 0.90214 0.80101 -0.50568 -1.0976 1.098 0.7624 -1.2239 0.79629 0.66036 0.1935 0.64591 0.61696 0.52883 0.1475 -0.13397 -0.78278 -1.3821 -0.16596 0.29013 -0.14082 0.40295 1.1488 -0.20905 0.51664 -0.41012 0.85431 0.88647
simulation 0.99214 -0.60471 -0.08006 1.0813 -0.87814 -0.65167 0.38316 -1.217 0.50758 0.56091 0.69273 -0.072472 -0.631 0.47846 0.014113 -0.29076 -0.19788 1.2169 -0.76869 -0.53675 -0.11832 0.06403 -0.66351 0.20559 0.60888 0.22875 -0.77676 -0.5601 0.31625 0.39549 1.8659 -0.58975 -1.0819 -1.4412 -0.029169 0.9422 0.19649 0.6621 -0.17511 0.036188 0.2897 -0.48623 -0.18183 0.84655 -0.072072 -0.17124 1.9035 0.52889 0.27941 0.65456
stealth 1.1491 -0.68727 0.90922 -0.042791 -0.1775 0.00049874 0.32823 -0.84843 0.060819 1.1027 0.098053 0.038505 0.2498 1.3541 -1.2053 -1.0038 -0.66351 0.84882 -1.1584 -0.10664 -0.76452 -0.14529 -0.71758 -0.79089 -0.54285 -1.0744 -0.51229 -0.25168 1.1496 -0.63827 0.46987 0.33758 -1.0878 -0.24568 0.87079 0.063687 0.0075621 0.014066 -1.5988 -0.30946 0.12186 -0.13492 1.1644 -0.49139 0.022737 0.097448 0.29513 0.57808 -0.48468 1.0933
zombie 0.69479 -1.159 0.070302 -0.6389 0.32897 0.24116 -0.19198 -0.90653 0.0981 0.37883 -0.22323 0.35273 0.071498 1.0564 0.91155 -0.43199 0.25916 0.30444 -0.85485 0.69232 -0.1967 -0.21903 0.38378 0.75663 0.25174 -0.0078735 -0.96796 -0.44955 0.36149 -0.12501 0.57206 -0.1344 -0.21215 -0.099815 -0.92706 0.94359 0.12138 -1.2602 0.078566 -0.89737 -0.41178 0.17268 -0.83369 -0.19752 0.78161 0.27333 0.67346 -1.2182 0.23513 0.33119
real-time 0.59298 -1.2813 0.42963 1.0205 -0.60195 -1.1053 0.40113 -0.80682 0.97383 0.76538 0.65855 0.061431 0.0019213 0.19775 -0.62092 -0.52351 -0.5833 0.078674 -0.31549 -0.53336 0.43332 -0.22737 -0.30754 0.52047 0.67262 1.0595 -0.064235 -0.77671 0.70918 0.19422 2.2943 -0.70596 -0.12155 -1.356 -0.25789 1.0207 0.37447 -0.14112 -0.97316 -0.090507 1.2114 -0.49425 -0.6131 0.73255 -0.31925 -0.40417 1.9628 0.78494 0.42195 0.59854
multiplayer 0.41254 -1.1726 -0.15801 1.6984 -0.36059 -0.39423 -0.14826 -1.0487 -0.32137 1.0354 0.13677 0.10473 -0.3581 0.12888 -0.18582 -0.88009 0.17136 0.84907 -0.33783 0.038567 -0.61584 -0.76089 -0.61714 1.3679 0.041667 1.2803 0.43422 -0.89839 0.69226 -0.19906 2.3075 0.51371 0.080176 -0.65234 -0.22319 1.3227 0.17655 -0.56764 -2.1952 -1.0307 0.63493 -1.0373 -1.3676 0.9539 -0.27226 -0.32898 0.98345 0.64565 0.61451 0.76321
crafting 0.026121 -0.69442 -0.71281 -0.60851 -0.1435 0.67381 -0.1848 -0.81203 -0.018765 0.53421 -1.1168 0.18604 0.028774 1.0762 -0.40413 -0.52782 0.14662 0.009717 1.3935 -0.57738 0.73531 0.075105 -0.2719 -0.67762 0.2999 -0.037021 -0.09505 0.15076 0.18198 -0.36654 0.80268 -0.14456 -0.8307 -0.27416 0.24217 0.47013 -0.29445 0.71821 -0.90143 -0.36396 -0.68691 -0.3611 -0.042109 0.030125 -0.18802 0.23046 0.58513 0.79519 -0.30718 0.057037
dungeon 0.97621 0.28691 0.24576 -0.51283 0.14284 -0.8319 0.25414 -0.2505 -0.17898 -0.042289 -0.16854 0.67413 -1.2601 1.2494 0.82017 -0.27164 0.36038 0.53135 -0.70639 0.74102 0.30074 0.26691 -0.31089 1.255 -0.35973 0.4894 -0.57326 -0.29403 0.24453 0.47766 0.43994 -0.97704 -0.1124 -0.075132 0.097051 1.8685 0.4722 -0.35062 0.22432 -1.0533 0.73842 -1.2442 0.17813 1.2205 0.011329 -0.3365 1.5867 -1.3015 0.66365 -1.1055
rpg -0.35124 -1.1641 1.0729 0.56091 0.53834 0.77776 0.4257 -1.8658 -0.97859 0.82108 0.30683 -0.96627 -0.85126 0.018775 0.067476 -0.80834 -0.11683 1.7086 -1.7173 0.36185 -0.23779 0.17115 -0.73011 -0.092704 0.25582 0.55978 -0.71475 -0.72415 0.31554 -0.14113 0.98975 -0.11061 -0.19646 0.4304 0.077213 1.3542 0.019988 -0.92194 -0.3684 -0.17346 0.66853 -0.33539 -0.79732 -0.35632 0.65388 0.12369 1.1451 1.1693 0.15827 -0.26194
spooky 0.72339 -0.19315 -0.56591 -0.056037 0.30949 -0.37327 0.37011 -0.37624 -0.78404 0.72829 -0.9971 0.038578 0.030429 0.72543 0.26606 0.3205 0.29626 0.7194 -0.49354 0.029931 -0.02283 1.0212 0.032408 0.294 0.52666 0.79075 -1.4029 0.65548 0.97511 0.09882 0.47479 -0.5381 0.26103 0.064473 0.23108 0.72309 0.10565 -0.95764 0.0015258 -0.87459 -0.30426 -0.093651 -0.69791 0.2222 0.57672 0.2499 0.98229 -0.65577 0.11469 0.59214
co-op -0.24346 -0.80347 -0.6257 -0.16462 0.21006 0.091775 -1.1755 -0.62083 0.080496 -0.1063 0.40331 -0.29733 0.43145 0.13685 -0.33833 0.076952 0.35152 1.004 0.60143 0.39891 0.77971 -0.70984 -1.2058 1.8032 -0.76151 1.0234 0.16375 -0.56707 0.19549 -0.42511 0.76362 0.21684 0.024823 -0.087801 0.23431 0.85025 0.063677 -0.37886 0.42822 -0.035565 0.1574 -0.91272 -1.0367 0.11954 -0.13331 0.15111 0.43325 0.26124 0.58458 0.52997
sci-fi -0.34363 -0.13207 -0.68058 0.40601 -0.7257 0.34296 0.14326 -1.1525 -0.20055 1.049 -0.42418 0.2801 -0.18432 1.429 0.61227 -0.56347 0.52446 0.86364 -1.4121 0.76231 0.95459 0.54465 0.26836 1.073 0.20091 0.18261 -1.2144 -0.043285 0.492 0.15613 0.26712 -0.46399 0.27304 -0.63194 -0.60904 0.6015 -0.14972 -0.94648 -1.498 -0.63685 0.28427 0.11772 -0.026212 -0.29671 -0.59485 0.37876 0.56853 -0.0026501 0.099242 0.45132
first-person 0.23318 -0.3594 0.34293 0.96245 1.0197 0.52983 0.4667 -1.0109 -0.57588 0.56744 0.073736 -0.28041 -0.61605 0.2553 -0.13837 -1.3169 -0.46842 0.38693 -0.79201 0.87826 -0.64021 0.35482 -0.76511 1.1538 1.77 0.67818 -0.7304 -0.9251 0.32281 -0.38217 0.94891 -1.128 0.7952 -0.6853 0.30299 0.60834 -0.1376 -0.46608 -2.1925 -0.35246 1.1155 -0.68092 -0.40551 0.84685 -0.74469 -1.4743 2.2893 0.79874 0.58694 0.23986
sandbox -0.020187 -0.50592 -0.261 0.34114 -0.047687 -0.27735 0.13506 -0.74027 -0.36115 0.64743 -0.1185 0.34944 -0.057761 1.1622 -0.097424 0.26351 0.49088 0.98924 0.24269 0.19395 -0.096549 0.18921 -0.78494 0.1597 0.25111 0.75545 -0.28303 0.2953 0.81085 -0.38869 0.32867 0.026203 -0.19743 0.10333 -0.43079 1.2727 -0.014794 -0.30726 0.21924 -0.52711 -0.24504 -0.76378 -0.73764 1.0876 0.030932 -0.033251 0.9855 -0.080798 0.31559 0.031535
third-person -0.21712 -0.45532 -0.23623 0.60212 1.1442 0.9362 1.312 -1.4234 -0.31334 0.73315 0.51704 -0.53216 -0.64323 0.58676 -0.70728 -0.71418 -0.27369 -0.22553 -0.97905 0.79246 -0.7148 0.18528 -1.4891 1.1201 1.1988 0.44879 0.065652 -0.46082 0.50841 -0.45362 0.52131 -0.36938 0.67012 -0.69376 0.079738 0.006514 0.38052 -0.42004 -2.619 -0.22605 1.0611 -0.23074 -0.33602 1.1382 -0.96246 -1.6366 2.4787 0.64716 0.61188 0.3692
fps -0.90779 -0.65088 1.0422 0.14177 0.30482 -0.3909 0.89809 -1.0394 -0.24156 0.16551 0.56366 -0.63754 0.29412 0.85067 0.13841 -0.39763 0.0030116 0.57649 -0.84332 0.36855 -0.18147 0.17426 -0.27458 0.32316 0.16796 1.1331 0.67183 -0.82762 0.3798 0.2217 0.39399 -0.01741 0.10688 -0.57366 -0.13775 0.93019 1.0923 -0.7254 -0.44278 0.57628 0.31285 -0.14111 0.28836 0.6772 -1.0331 -0.54767 0.59321 0.3363 0.1529 0.53404
turn-based -0.10843 -1.752 -0.37143 0.83491 -0.4429 -0.49859 0.94226 -1.3536 -0.099643 0.38334 -0.46597 -0.19427 -1.0004 0.17848 -0.97692 -1.2292 -0.22755 0.90933 -0.91607 0.53411 -0.68058 -1.1818 -0.12893 0.44077 -0.44675 0.056738 -0.57152 -0.60908 1.3081 -0.55038 1.0196 -0.18253 -0.63677 -0.6174 -0.3028 1.3142 -0.44741 0.4544 -2.1947 -0.2626 0.55382 -0.88952 -1.108 1.0842 0.46383 -0.36333 2.1398 1.0408 -0.4136 1.1031
mmo 0.013261 -0.60806 -0.33191 1.2686 -0.45144 -0.72128 0.22025 -0.60178 0.12052 1.1526 0.45504 -0.0069442 -0.018941 0.68403 0.38809 -0.49963 0.25921 0.70678 -0.74242 0.56976 -0.49857 -0.56 -0.18705 0.5909 -0.0085768 1.241 -0.12619 -0.48114 0.44544 0.33543 0.096259 0.064695 -0.088147 -0.062504 -0.81305 0.71864 -0.009755 -0.10918 -0.77252 -0.5717 0.41807 -1.1743 -0.38621 0.85694 0.20009 -0.0336 0.43949 0.67601 0.58677 0.26169
parkour -0.12903 -0.54685 -0.92066 -0.2853 -0.9024 -0.061631 0.41448 -0.31969 0.49775 0.8425 0.28481 -0.2857 -0.54592 -0.036464 -0.13181 -0.7345 0.61421 0.4335 0.28347 -0.14737 -0.28672 0.20551 -0.78158 1.1656 0.11631 0.43016 -0.53556 -0.69689 -0.21915 -0.053426 -0.58374 -0.080633 -0.24215 -0.33466 -0.815 -0.16961 -0.4185 -0.047359 -0.13183 0.31696 0.28436 -0.7302 0.091048 1.0382 0.57915 -0.83927 0.87294 -0.27466 -0.0097733 0.20836
platformer -0.80483 -2.3157 -0.63965 0.75557 -0.1014 -0.36203 1.3263 -1.2766 0.2657 1.4506 -0.11738 -0.41041 -0.69492 0.92458 -0.54081 -1.4452 0.40482 0.57587 -0.81257 -0.081087 -0.69581 -0.78287 -0.13126 0.41245 0.30867 0.40067 -0.40986 0.11943 -0.1174 -0.89894 0.45376 -0.92095 -0.087769 -0.62247 -0.25878 0.62014 0.45561 0.34346 -1.2991 -0.60969 0.11252 -0.33154 -1.0479 0.20073 0.25262 0.58218 1.8379 0.64574 0.40288 0.58227
roguelike -1.094 -0.49502 -0.32315 0.55126 -0.17108 -0.48096 0.64442 -0.22396 0.21122 1.5774 0.62928 -0.47239 -0.19201 1.1978 0.3251 -0.91345 -0.028417 0.29221 -0.081194 0.51828 -0.41033 -0.96231 -0.37734 0.89282 -0.43858 0.70129 -0.46744 0.38124 0.99173 -0.71503 -0.32588 -0.31673 0.55186 -0.7972 -0.87241 1.2602 0.55804 -0.063591 -0.91299 0.23393 0.54311 -0.73566 -0.58449 0.84831 0.27347 -0.14072 0.80696 0.86147 -0.096258 -0.071717
story-driven 0.070148 -0.75603 -0.27982 0.44749 -0.37416 0.30252 0.21348 -0.53221 0.42235 0.76167 -0.52357 -0.34523 0.36951 0.58234 -0.10096 -1.3005 0.23572 0.60251 0.13359 0.025982 -0.82764 -0.42224 -0.021387 0.070753 0.42348 1.3897 0.53091 0.21408 0.67087 0.10483 -0.47311 0.044275 -0.050007 -0.12224 -0.33511 0.9224 -0.30292 0.565 -1.5316 -0.25403 0.045623 -0.44319 -0.69655 0.44055 -0.42037 -0.39368 0.7863 0.87496 -0.32017 0.75447
singleplayer -0.62102 -0.41396 -0.35643 0.078558 -1.0554 -0.028523 0.3632 0.068951 -0.35526 0.21304 -0.49722 -0.53073 0.74338 -0.43391 -0.53631 -1.001 0.27687 0.25628 0.43011 0.31914 -1.2792 -0.7073 0.17695 0.84273 0.30396 1.5251 0.49396 -0.30138 1.0243 0.41839 -0.39848 0.42806 -0.21966 -0.66076 0.11978 1.0258 -0.020204 0.17537 -1.7261 -0.58355 0.23884 -0.75431 -0.85519 0.43943 -0.32849 -0.49742 0.75737 0.10252 0.30278 0.8391
open-world -0.51326 -1.1104 -0.65143 0.87337 0.070245 -0.3145 0.49643 -0.2429 0.20325 0.77715 0.02032 -0.4181 0.30907 0.82598 -0.05891 -0.97044 0.97945 0.39045 -0.8432 0.16021 -0.47581 -0.15051 -1.3095 -0.13548 0.61031 1.1866 0.26279 0.066313 0.90618 0.67948 -0.50678 -0.20952 0.435 -0.8789 -0.77407 1.0916 0.071486 -0.40355 -0.86658 -0.14707 0.0078942 -0.54424 -0.095505 0.35237 0.1726 -0.20288 0.49126 1.5627 0.97007 0.69532
